Date: 2021-06-05 23:34:47.162870
    timePy: -0.00010439999999789507
    convert Time: -0.00017230000000267864
    timeC: -0.00039219999999673405
    Num of Rep: 1
