Date: 2021-06-07 15:28:51.478070
    timePy: 7.399999998369822e-05
    convert Time: 5.389999995486505e-05
    timeC: 0.0010516999999481413
    Num of Rep: 1
