Date: 2021-06-07 22:21:37.476293
    timePy: 0.0027774000000135857
    convert Time: 0.0006768999999167136
    timeC: -5.599999985861359e-05
    Num of Rep: 3
