Date: 2021-06-05 15:30:43.543983
    timePy: 5.200000000016303e-05
    convert Time: -4.2800000002785055e-05
    timeC: 2.579999999952065e-05
    Num of Rep: 3
