Date: 2021-06-06 00:57:38.172217
    timePy: 5.030000000161294e-05
    convert Time: -7.03000000044085e-05
    timeC: 7.5999999999964984e-06
    Num of Rep: 1
